package project1;
public class Driver {

	public static void main(String[] args) {
		// TODO Auto-generated method stub


Student.demo();
Teacher.demo();
	}
	
	/*
----Sort according to Id in Student----
Id	Age	First Name	Last Name		Parent First Name	 Parent Last Name	Student ID	GPA
==============================================================================================================================
23	12	Burl		  Sanders   		  Darell  		  Olsen  		  6756  	8.8
34	17	Patrice		  Bradley   		  Garland  		  Baird  		  8687  	7.7
54	14	Elliott		  Houston   		  Rory  		  Acosta  		  78687  	5.8
76	15	Erica		  Rowe   		      Lawerence	  	  Braun  		  7868  	8.9
78	18	Miranda		  Valencia   		  Terrell  		  Klein  		  5457  	6.7

----Sort according to StudentId in Student----
Id	Age	First Name	Last Name		Parent First Name	 Parent Last Name	Student ID	GPA
==============================================================================================================================
78	18	Miranda		  Valencia   		  Terrell  		  Klein  		  5457  	6.7
23	12	Burl		  Sanders   		  Darell  		  Olsen  		  6756  	8.8
76	15	Erica		  Rowe   		      Lawerence	  	  Braun  		  7868  	8.9
34	17	Patrice		  Bradley   		  Garland  		  Baird  		  8687  	7.7
54	14	Elliott		  Houston   		  Rory  		  Acosta  		  78687  	5.8

----Sort according to Lastname in Student----
Id	Age	First Name	Last Name		Parent First Name	 Parent Last Name	Student ID	GPA
==============================================================================================================================
34	17	Patrice		  Bradley   		  Garland  		  Baird  		  8687  	7.7
54	14	Elliott		  Houston   		  Rory  		  Acosta  		  78687  	5.8
76	15	Erica		  Rowe   		      Lawerence  	  Braun  		  7868  	8.9
23	12	Burl		  Sanders   		  Darell  		  Olsen  		  6756  	8.8
78	18	Miranda		  Valencia   		  Terrell  		  Klein  		  5457  	6.7

----Sort according to Firstname in Student----
Id	Age	First Name	Last Name		Parent First Name	 Parent Last Name	Student ID	GPA
==============================================================================================================================
23	12	Burl		  Sanders   		  Darell  		  Olsen  		  6756  	8.8
54	14	Elliott		  Houston   		  Rory  		  Acosta  		  78687  	5.8
76	15	Erica		  Rowe   		      Lawerence 	  Braun  		  7868  	8.9
78	18	Miranda		  Valencia   		  Terrell  		  Klein  		  5457  	6.7
34	17	Patrice		  Bradley   		  Garland  		  Baird  		  8687  	7.7

----Sort according to GPA in Student----
Id	Age	First Name	Last Name		Parent First Name	 Parent Last Name	Student ID	GPA
==============================================================================================================================
54	14	Elliott		  Houston   		  Rory  		  Acosta  		  78687  	5.8
78	18	Miranda		  Valencia   		  Terrell  		  Klein  		  5457  	6.7
34	17	Patrice		  Bradley   		  Garland  		  Baird  		  8687  	7.7
23	12	Burl		  Sanders   		  Darell  		  Olsen  		  6756  	8.8
76	15	Erica		  Rowe   		      Lawerence  	  Braun  		  7868  	8.9
Teacher 
ID=98, Age=45, First Name=Carl, Last Name=Sander, Parent First Name=Harell, Parent Last Name=Osen, hourlyWage=31.0
*/

}
